anchor_t: 3.3744
anchors: 3.412
box: 0.02
cls: 0.21638
cls_pw: 0.5
copy_paste: 0.0
degrees: 0.0
fl_gamma: 0.0
fliplr: 0.0
flipud: 0.0
hsv_h: 0.0
hsv_s: 0.0
hsv_v: 0.0
iou_t: 0.2
lr0: 0.00334
lrf: 0.15135
mixup: 0.0
momentum: 0.74832
mosaic: 0.0
obj: 0.51728
obj_pw: 0.67198
perspective: 0.0
scale: 0.0
shear: 0.0
translate: 0.0
warmup_bias_lr: 0.18657
warmup_epochs: 3.3835
warmup_momentum: 0.59462
weight_decay: 0.00025
